,geometry,hex_id,cell_id,centroid,centroid_inside,weight
1,POINT (12.496924448563778 55.676981376879056),1,1,POINT (1654236.0679739658 2460601.6444207565),True,48295
3,POINT (12.513832235198578 55.69447670393373),3,3,POINT (1654958.7062664586 2462796.307562397),True,48826
5,POINT (12.5170568231093 55.661981822955646),5,5,POINT (1655847.325118662 2459130.0216309326),True,45512
6,POINT (12.53396747781161 55.67947924816756),6,6,POINT (1656569.964812312 2461325.006618687),True,46198
10,POINT (12.567821418234482 55.7144539098818),10,10,POINT (1658015.2719976911 2465713.8739007493),True,49995
11,POINT (12.587953779910722 55.69945224690648),11,11,POINT (1659626.8467810352 2464242.74124634),True,45647
12,POINT (12.604899928611378 55.7169315698394),12,12,POINT (1660349.5153802466 2466436.944501151),True,46073
15,POINT (12.530750900313326 55.71196530378988),15,15,POINT (1655681.353894857 2464990.603365994),True,48648
20,POINT (12.537180617037052 55.646973868810505),20,20,POINT (1657458.8965013046 2457657.9237190494),True,44611
22,POINT (12.557295830869794 55.631957516089415),22,22,POINT (1659070.7821171053 2456185.3508290173),True,45894
27,POINT (12.64829923982628 55.65439686949946),27,27,POINT (1664463.4534662783 2459826.4948556777),True,45934
28,POINT (12.591139430130653 55.666954028028854),28,28,POINT (1660516.0751350962 2460576.240714017),True,40881
30,POINT (12.608077537031136 55.68444218475068),30,30,POINT (1661238.735290098 2462771.1337579708),True,49917
31,POINT (12.456633955568456 55.70695527751043),31,31,POINT (1651014.4964170237 2463543.464060131),True,45721
32,POINT (12.61125174764371 55.65193347257754),32,32,POINT (1662128.2766685814 2459103.8368284176),True,43035
34,POINT (12.628192690149149 55.66942372506321),34,34,POINT (1662850.937520131 2461299.051579647),True,50084
35,POINT (12.476783492885742 55.69197252894158),35,35,POINT (1652625.125071895 2462072.7919449196),True,44242
36,POINT (12.480027532862099 55.65947932704422),36,36,POINT (1653513.4389318973 2458406.6141953757),True,46105
38,POINT (12.550889007007331 55.69696994528173),38,38,POINT (1657292.6137434896 2463519.624126726),True,46182
39,POINT (12.500157035364566 55.644477674067446),39,39,POINT (1655124.6945771205 2456934.6694180197),True,47941
40,POINT (12.554094131651595 55.66447339197507),40,40,POINT (1658181.5374270352 2459853.230600863),True,54611
42,POINT (12.571018516767168 55.68196618614691),42,42,POINT (1658904.187491801 2462048.1698614787),True,46368
45,POINT (12.574212197248887 55.64945913700086),45,45,POINT (1659793.4241058917 2458380.9796527633),True,50112
52,POINT (12.493688403290257 55.7094657576355),52,52,POINT (1653347.7617941115 2464267.1332884612),True,43098
